Test Accuracy: 0.9672

              precision    recall  f1-score   support

           0     0.8852    0.8852    0.8852        61
           1     1.0000    0.6000    0.7500         5
           2     1.0000    0.9886    0.9943        88
           3     0.9886    1.0000    0.9943        87
           4     0.8571    0.6000    0.7059        10
           5     0.8333    0.9091    0.8696        44
           6     0.9429    0.9706    0.9565        34
           7     0.9811    0.9811    0.9811        53
           8     1.0000    1.0000    1.0000        46
           9     1.0000    1.0000    1.0000         8
          10     0.9907    1.0000    0.9953       214
          11     1.0000    0.8750    0.9333         8
          12     0.9623    1.0000    0.9808        51
          13     0.8989    0.9524    0.9249        84
          14     1.0000    0.8824    0.9375        17
          15     1.0000    0.8182    0.9000        11
          16     1.0000    0.9375    0.9677        16
          17     1.0000    0.9048    0.9500        21
          18     1.0000    1.0000    1.0000        38
          19     1.0000    0.8571    0.9231         7
          20     1.0000    0.7143    0.8333         7
          21     1.0000    1.0000    1.0000         3
          22     1.0000    1.0000    1.0000        25
          23     0.9783    1.0000    0.9890        90
          24     1.0000    1.0000    1.0000        13
          25     1.0000    0.7500    0.8571         4
          26     0.9500    1.0000    0.9744        19
          27     1.0000    0.8750    0.9333         8
          28     1.0000    0.8750    0.9333         8
          29     1.0000    0.8333    0.9091         6
          30     1.0000    1.0000    1.0000        18
          31     1.0000    0.8750    0.9333         8
          32     1.0000    0.9778    0.9888        45
          33     1.0000    1.0000    1.0000         5
          34     1.0000    1.0000    1.0000        15
          35     1.0000    1.0000    1.0000        15
          36     1.0000    1.0000    1.0000         8
          37     1.0000    1.0000    1.0000         5
          38     0.9750    1.0000    0.9873        39
          39     0.9540    0.9432    0.9486        88
          40     0.9167    0.9706    0.9429        34
          41     0.8939    0.9672    0.9291        61
          42     1.0000    1.0000    1.0000         4
          43     0.7778    1.0000    0.8750         7
          44     1.0000    1.0000    1.0000         1
          45     1.0000    0.9722    0.9859        36
          46     1.0000    1.0000    1.0000        83
          47     1.0000    1.0000    1.0000         5
          48     1.0000    1.0000    1.0000         6
          49     1.0000    1.0000    1.0000        46
          50     0.9615    0.8621    0.9091        29
          51     1.0000    1.0000    1.0000         1

    accuracy                         0.9672      1645
   macro avg     0.9759    0.9380    0.9534      1645
weighted avg     0.9684    0.9672    0.9668      1645
